10            0.9398        
10.0926       0.941623      
10.1861       0.943441      
10.2804       0.945214      
10.3757       0.946968      
10.4718       0.948705      
10.5688       0.950441      
10.6666       0.952193      
10.7654       0.95396       
10.8652       0.95564       
10.9658       0.9573        
11.0674       0.958938      
11.1699       0.960578      
11.2733       0.96217       
11.3777       0.963761      
11.4831       0.965388      
11.5895       0.967036      
11.6968       0.96852       
11.8052       0.969998      
11.9145       0.97155       
12.0249       0.973126      
12.1362       0.974649      
12.2486       0.97618       
12.3621       0.977467      
12.4766       0.978763      
12.5922       0.980263      
12.7088       0.981782      
12.8265       0.983117      
12.9453       0.984466      
13.0652       0.985965      
13.1862       0.98747       
13.3083       0.988844      
13.4316       0.990226      
13.556        0.991574      
13.6816       0.992916      
13.8083       0.994183      
13.9362       0.995468      
14.0653       0.996811      
14.1955       0.998106      
14.327        0.999168      
14.4597       1.00034       
14.5937       1.00189       
14.7288       1.00329       
14.8652       1.0043        
15.0029       1.00531       
15.1419       1.0063        
15.2821       1.00745       
15.4237       1.00897       
15.5665       1.01033       
15.7107       1.01136       
15.8562       1.01239       
16.0031       1.0134        
16.1513       1.01441       
16.3009       1.01541       
16.4519       1.01641       
16.6043       1.01743       
16.7581       1.01845       
16.9133       1.01949       
17.0699       1.02077       
17.2281       1.0223        
17.3876       1.02355       
17.5487       1.02455       
17.7112       1.02557       
17.8753       1.0266        
18.0408       1.02761       
18.2079       1.02862       
18.3766       1.02963       
18.5468       1.03063       
18.7186       1.03164       
18.8919       1.03266       
19.0669       1.03403       
19.2435       1.03557       
19.4217       1.03673       
19.6016       1.03773       
19.7832       1.03874       
19.9664       1.03976       
20.1514       1.04076       
20.338        1.04177       
20.5264       1.04279       
20.7165       1.04382       
20.9084       1.04483       
21.102        1.04585       
21.2975       1.04686       
21.4947       1.04787       
21.6938       1.04889       
21.8948       1.04992       
22.0976       1.05094       
22.3022       1.05196       
22.5088       1.05297       
22.7173       1.05398       
22.9277       1.05499       
23.1401       1.056         
23.3544       1.05702       
23.5707       1.05805       
23.789        1.05907       
24.0093       1.06009       
24.2317       1.0611        
24.4562       1.06211       
24.6827       1.06312       
24.9113       1.06413       
25.142        1.06514       
25.3749       1.06615       
25.6099       1.06717       
25.8471       1.0682        
26.0865       1.06922       
26.3282       1.07024       
26.572        1.07126       
26.8181       1.07228       
27.0665       1.07329       
27.3172       1.07431       
27.5702       1.07532       
27.8256       1.07634       
28.0833       1.07735       
28.3434       1.07836       
28.606        1.07937       
28.8709       1.08038       
29.1383       1.08139       
29.4082       1.08241       
29.6806       1.08344       
29.9555       1.08468       
30.2329       1.08619       
30.513        1.08747       
30.7956       1.08849       
31.0808       1.08975       
31.3687       1.09129       
31.6592       1.09255       
31.9525       1.09357       
32.2484       1.09486       
32.5471       1.09637       
32.8486       1.09789       
33.1528       1.09941       
33.4599       1.10093       
33.7698       1.10246       
34.0826       1.10398       
34.3983       1.10551       
34.7169       1.10703       
35.0384       1.10856       
35.363        1.11009       
35.6905       1.11164       
36.0211       1.11352       
36.3547       1.11553       
36.6914       1.11717       
37.0313       1.11872       
37.3743       1.12102       
37.7204       1.12354       
38.0698       1.12568       
38.4224       1.12772       
38.7783       1.12976       
39.1375       1.13183       
39.5          1.13429       
39.8658       1.13683       
40.2351       1.13936       
40.6077       1.14194       
40.9838       1.14491       
41.3634       1.14795       
41.7466       1.15097       
42.1332       1.15402       
42.5235       1.15707       
42.9173       1.16016       
43.3148       1.16372       
43.716        1.16732       
44.1209       1.17086       
44.5296       1.17448       
44.942        1.17851       
45.3583       1.18256       
45.7784       1.18661       
46.2024       1.19078       
46.6303       1.19536       
47.0622       1.20006       
47.4981       1.20507       
47.9381       1.21013       
48.3821       1.21523       
48.8302       1.22049       
49.2825       1.22608       
49.739        1.23183       
50.1997       1.23791       
50.6646       1.24399       
51.1339       1.25005       
51.6075       1.25649       
52.0855       1.26361       
52.5679       1.27094       
53.0548       1.27854       
53.5462       1.28616       
54.0422       1.29375       
54.5427       1.30182       
55.0479       1.3105        
55.5578       1.31937       
56.0723       1.32845       
56.5917       1.33757       
57.1159       1.34673       
57.6449       1.35724       
58.1788       1.36894       
58.7177       1.38033       
59.2615       1.39151       
59.8104       1.40297       
60.3644       1.41466       
60.9235       1.42664       
61.4878       1.43884       
62.0573       1.45135       
62.6321       1.46406       
63.2122       1.47744       
63.7977       1.49119       
64.3886       1.50562       
64.985        1.52041       
65.5869       1.53542       
66.1943       1.55062       
66.8074       1.56623       
67.4262       1.58212       
68.0507       1.59859       
68.681        1.61541       
69.3172       1.63292       
69.9592       1.65076       
70.6072       1.66883       
71.2612       1.68692       
71.9212       1.70401       
72.5873       1.72123       
73.2597       1.74046       
73.9382       1.76044       
74.623        1.78099       
75.3142       1.80186       
76.0118       1.82305       
76.7158       1.8446        
77.4264       1.86683       
78.1435       1.88934       
78.8673       1.91198       
79.5978       1.93498       
80.335        1.95877       
81.0791       1.98297       
81.8301       2.00763       
82.588        2.03247       
83.3529       2.05733       
84.125        2.08265       
84.9042       2.10887       
85.6906       2.13532       
86.4842       2.16181       
87.2853       2.18923       
88.0937       2.21838       
88.9097       2.24746       
89.7332       2.27584       
90.5643       2.30427       
91.4031       2.33276       
92.2497       2.36161       
93.1041       2.39092       
93.9665       2.42058       
94.8368       2.4506        
95.7152       2.48083       
96.6017       2.51123       
97.4965       2.5419        
98.3995       2.57285       
99.3109       2.60415       
100.231       2.63583       
101.159       2.66722       
102.096       2.6983        
103.042       2.73046       
103.996       2.76381       
104.959       2.79618       
105.931       2.82779       
106.913       2.86054       
107.903       2.8944        
108.902       2.92818       
109.911       2.96197       
110.929       2.99607       
111.956       3.03042       
112.993       3.06379       
114.04        3.09672       
115.096       3.13054       
116.162       3.16505       
117.238       3.19955       
118.324       3.23415       
119.42        3.26835       
120.526       3.30256       
121.642       3.33742       
122.769       3.37273       
123.906       3.40801       
125.054       3.44342       
126.212       3.47836       
127.381       3.51334       
128.561       3.5475        
129.752       3.58186       
130.954       3.61806       
132.166       3.65464       
133.391       3.68791       
134.626       3.72123       
135.873       3.75721       
137.131       3.79375       
138.402       3.82892       
139.684       3.86423       
140.977       3.89908       
142.283       3.93424       
143.601       3.96972       
144.931       4.0054        
146.273       4.0402        
147.628       4.07532       
148.996       4.11077       
150.376       4.14649       
151.768       4.18208       
153.174       4.21785       
154.593       4.25332       
156.025       4.28884       
157.47        4.32372       
158.928       4.35892       
160.4         4.39446       
161.886       4.42925       
163.385       4.46131       
164.899       4.49426       
166.426       4.52875       
167.967       4.56391       
169.523       4.60021       
171.093       4.63659       
172.678       4.67289       
174.277       4.70882       
175.892       4.74413       
177.521       4.77929       
179.165       4.81417       
180.824       4.84959       
182.499       4.88562       
184.19        4.92199       
185.896       4.95869       
187.617       4.99516       
189.355       5.03145       
191.109       5.06747       
192.879       5.10338       
194.666       5.14434       
196.469       5.18892       
198.288       5.22847       
200.125       5.26469       
201.979       5.30062       
203.849       5.33651       
205.737       5.37308       
207.643       5.41016       
209.566       5.44653       
211.507       5.48279       
213.466       5.51945       
215.443       5.55645       
217.439       5.5927        
219.453       5.62895       
221.486       5.66594       
223.537       5.70335       
225.607       5.7404        
227.697       5.77759       
229.806       5.81482       
231.935       5.85167       
234.083       5.88121       
236.251       5.91005       
238.439       5.94622       
240.648       5.98432       
242.876       6.02239       
245.126       6.06076       
247.396       6.09958       
249.688       6.13867       
252           6.17751       
254.335       6.21658       
256.69        6.25601       
259.068       6.29568       
261.467       6.33525       
263.889       6.37511       
266.333       6.41534       
268.8         6.45586       
271.29        6.49655       
273.803       6.538         
276.339       6.58095       
278.898       6.62367       
281.481       6.66494       
284.088       6.70626       
286.72        6.74777       
289.375       6.78956       
292.056       6.83155       
294.761       6.87382       
297.491       6.9163        
300.246       6.95906       
303.027       7.00206       
305.834       7.04533       
308.666       7.08884       
311.525       7.13264       
314.411       7.17669       
317.323       7.22103       
320.262       7.26563       
323.228       7.31053       
326.222       7.35569       
329.244       7.40183       
332.293       7.44909       
335.371       7.49594       
338.477       7.54228       
341.612       7.58892       
344.776       7.63587       
347.97        7.68299       
351.193       7.73034       
354.446       7.7784        
357.729       7.8271        
361.042       7.8757        
364.386       7.92435       
367.761       7.97361       
371.167       8.02342       
374.605       8.07356       
378.075       8.124         
381.576       8.17402       
385.111       8.22409       
388.678       8.27556       
392.278       8.32796       
395.911       8.38021       
399.578       8.43264       
403.279       8.48527       
407.014       8.53834       
410.784       8.59259       
414.589       8.64748       
418.429       8.70169       
422.304       8.75613       
426.216       8.8118        
430.164       8.86811       
434.148       8.92425       
438.169       8.98078       
442.227       9.03806       
446.323       9.09572       
450.457       9.15242       
454.63        9.20955       
458.84        9.26826       
463.09        9.32767       
467.38        9.38771       
471.708       9.44821       
476.078       9.50852       
480.487       9.56954       
484.937       9.63239       
489.429       9.69566       
493.962       9.75812       
498.537       9.82129       
503.155       9.88573       
507.815       9.95001       
512.519       10.0117       
517.266       10.0746       
522.057       10.1401       
526.892       10.2061       
531.772       10.2722       
536.698       10.34         
541.669       10.411        
546.686       10.4822       
551.749       10.5531       
556.86        10.6242       
562.017       10.6949       
567.223       10.7661       
572.477       10.8375       
577.779       10.9088       
583.131       10.9795       
588.532       11.0527       
593.983       11.1291       
599.484       11.2052       
605.037       11.281        
610.641       11.357        
616.297       11.4335       
622.005       11.5099       
627.766       11.5864       
633.58        11.6652       
639.449       11.7462       
645.372       11.8271       
651.349       11.9081       
657.382       11.9895       
663.471       12.0714       
669.616       12.156        
675.818       12.2424       
682.078       12.3248       
688.395       12.4056       
694.771       12.4903       
701.206       12.5771       
707.701       12.667        
714.256       12.7585       
720.872       12.8458       
727.548       12.9325       
734.287       13.0224       
741.088       13.1137       
747.952       13.2048       
754.88        13.2966       
761.872       13.3922       
768.928       13.4893       
776.05        13.5856       
783.238       13.6823       
790.493       13.7783       
797.814       13.8748       
805.204       13.9711       
812.662       14.0686       
820.189       14.1692       
827.786       14.2709       
835.453       14.372        
843.191       14.4744       
851.001       14.5805       
858.883       14.6876       
866.838       14.7942       
874.867       14.901        
882.97        15.007        
891.148       15.1145       
899.402       15.2256       
907.733       15.3375       
916.14        15.4491       
924.626       15.561        
933.19        15.6726       
941.833       15.7861       
950.557       15.9025       
959.361       16.0194       
968.247       16.1357       
977.215       16.2541       
986.266       16.3759       
995.401       16.4974       
1004.62       16.6172       
1013.93       16.741        
1023.32       16.8711       
1032.79       16.9998       
1042.36       17.1258       
1052.02       17.2551       
1061.76       17.3883       
1071.59       17.5197       
1081.52       17.6487       
1091.54       17.779        
1101.65       17.9104       
1111.85       18.0455       
1122.15       18.1845       
1132.54       18.3239       
1143.03       18.4637       
1153.62       18.6049       
1164.3        18.7474       
1175.09       18.8912       
1185.97       19.0362       
1196.96       19.1817       
1208.04       19.328        
1219.23       19.4786       
1230.52       19.6323       
1241.92       19.7833       
1253.42       19.9336       
1265.03       20.0883       
1276.75       20.2462       
1288.58       20.4056       
1300.51       20.5663       
1312.56       20.7274       
1324.71       20.8899       
1336.98       21.0573       
1349.37       21.2269       
1361.87       21.3934       
1374.48       21.5604       
1387.21       21.7325       
1400.06       21.9064       
1413.03       22.0773       
1426.11       22.2496       
1439.32       22.4306       
1452.65       22.6144       
1466.11       22.7948       
1479.69       22.9758       
1493.39       23.1586       
1507.23       23.3428       
1521.19       23.5275       
1535.28       23.715        
1549.5        23.9119       
1563.85       24.1118       
1578.33       24.3135       
1592.95       24.5149       
1607.7        24.7072       
1622.6        24.9035       
1637.62       25.115        
1652.79       25.3282       
1668.1        25.5374       
1683.55       25.7481       
1699.14       25.9594       
1714.88       26.1722       
1730.77       26.3856       
1746.8        26.6022       
1762.98       26.8247       
1779.3        27.0505       
1795.78       27.2823       
1812.42       27.5155       
1829.2        27.7495       
1846.15       27.985        
1863.25       28.2213       
1880.5        28.4618       
1897.92       28.7077       
1915.5        28.9529       
1933.24       29.1962       
1951.15       29.4432       
1969.22       29.6942       
1987.46       29.9498       
2005.87       30.2106       
2024.45       30.4728       
2043.2        30.7363       
2062.12       31.0012       
2081.22       31.2676       
2100.5        31.5392       
2119.95       31.8157       
2139.59       32.0964       
2159.41       32.381        
2179.41       32.6668       
2199.59       32.9545       
2219.97       33.2448       
2240.53       33.5378       
2261.28       33.8355       
2282.22       34.1369       
2303.36       34.4431       
2324.7        34.753        
2346.23       35.064        
2367.96       35.3773       
2389.89       35.6975       
2412.03       36.0218       
2434.37       36.3412       
2456.92       36.6619       
2479.67       36.998        
2502.64       37.34         
2525.82       37.6787       
2549.21       38.0196       
2572.83       38.3769       
2596.66       38.7389       
2620.71       39.0959       
2644.98       39.4553       
2669.48       39.8222       
2694.2        40.1931       
2719.16       40.5674       
2744.34       40.9457       
2769.76       41.3316       
2795.42       41.7211       
2821.31       42.1123       
2847.44       42.5082       
2873.81       42.9133       
2900.43       43.3206       
2927.29       43.7244       
2954.41       44.1342       
2981.77       44.5587       
3009.39       44.9876       
3037.26       45.4186       
3065.4        45.8553       
3093.79       46.3009       
3122.44       46.7504       
3151.36       47.2022       
3180.55       47.6602       
3210.01       48.1271       
3239.74       48.5994       
3269.75       49.0774       
3300.03       49.5625       
3330.6        50.0564       
3361.45       50.5526       
3392.58       51.05         
3424.01       51.558        
3455.72       52.0793       
3487.73       52.6029       
3520.03       53.128        
3552.63       53.661        
3585.54       54.2026       
3618.75       54.7526       
3652.27       55.3111       
3686.1        55.8758       
3720.24       56.4465       
3754.69       57.0189       
3789.47       57.5935       
3824.57       58.1847       
3859.99       58.7905       
3895.75       59.4037       
3931.83       60.0236       
3968.25       60.648        
4005          61.2777       
4042.1        61.9192       
4079.53       62.5709       
4117.32       63.2332       
4155.46       63.9043       
4193.94       64.5799       
4232.79       65.2622       
4271.99       65.9634       
4311.56       66.6774       
4351.5        67.3961       
4391.8        68.1203       
4432.48       68.8493       
4473.53       69.5858       
4514.97       70.3397       
4556.79       71.1053       
4598.99       71.8826       
4641.59       72.6698       
4684.58       73.4717       
4727.97       74.2835       
4771.76       75.1037       
4815.96       75.9338       
4860.56       76.7826       
4905.58       77.6429       
4951.02       78.5154       
4996.88       79.4001       
5043.16       80.3076       
5089.87       81.2248       
5137.01       82.1437       
5184.59       83.0744       
5232.61       84.0323       
5281.08       85.0016       
5329.99       85.9799       
5379.36       86.9702       
5429.19       87.9811       
5479.47       89.0051       
5530.22       90.05         
5581.45       91.1084       
5633.14       92.1877       
5685.32       93.2794       
5737.98       94.3883       
5791.12       95.5111       
5844.76       96.6547       
5898.9        97.8144       
5953.53       98.9982       
6008.68       100.198       
6064.33       101.418       
6120.5        102.658       
6177.19       103.923       
6234.4        105.191       
6292.15       106.458       
6350.43       107.769       
6409.24       109.138       
6468.61       110.509       
6528.52       111.88        
6588.99       113.276       
6650.02       114.7         
6711.61       116.151       
6773.78       117.629       
6836.52       119.128       
6899.84       120.648       
6963.74       122.197       
7028.24       123.771       
7093.34       125.406       
7159.04       127.087       
7225.35       128.759       
7292.27       130.432       
7359.81       132.137       
7427.98       133.867       
7496.78       135.665       
7566.22       137.503       
7636.3        139.329       
7707.03       141.16        
7778.41       143.094       
7850.46       145.073       
7923.17       147.048       
7996.55       149.036       
8070.62       151.091       
8145.37       153.176       
8220.82       155.299       
8296.96       157.445       
8373.81       159.65        
8451.37       161.88        
8529.64       164.197       
8608.65       166.542       
8688.38       168.927       
8768.86       171.338       
8850.07       173.807       
8932.05       176.306       
9014.78       178.874       
9098.27       181.476       
9182.54       184.147       
9267.59       186.848       
9353.43       189.59        
9440.06       192.371       
9527.5        195.247       
9615.75       198.172       
9704.81       201.203       
9794.7        204.267       
9885.42       207.358       
9976.98       210.51        
10069.4       213.789       
10162.7       217.098       
10256.8       220.418       
10351.8       223.795       
10447.7       227.273       
10544.4       230.832       
10642.1       234.527       
10740.7       238.249       
10840.1       241.98        
10940.5       245.813       
11041.9       249.809       
11144.2       253.886       
11247.4       258.064       
11351.5       262.303       
11456.7       266.607       
11562.8       270.996       
11669.9       275.481       
11778         280.13        
11887.1       284.956       
11997.2       289.821       
12108.3       294.72        
12220.4       299.654       
12333.6       304.625       
12447.9       309.893       
12563.2       315.443       
12679.5       321.025       
12797         326.643       
12915.5       332.349       
13035.1       338.134       
13155.9       344.124       
13277.7       350.275       
13400.7       356.67        
13524.8       363.237       
13650.1       369.856       
13776.5       376.551       
13904.1       383.532       
14032.9       390.698       
14162.9       397.976       
14294         405.367       
14426.4       413.023       
14560.1       420.845       
14694.9       428.81        
14831         436.918       
14968.4       445.367       
15107         454.01        
15247         462.826       
15388.2       471.804       
15530.7       481.136       
15674.6       490.665       
15819.7       500.396       
15966.3       510.317       
16114.1       520.64        
16263.4       531.172       
16414         541.939       
16566.1       552.933       
16719.5       564.415       
16874.4       576.116       
17030.7       588.046       
17188.4       600.161       
17347.6       612.574       
17508.3       625.263       
17670.4       638.53        
17834.1       652.044       
17999.3       665.888       
18166         680.041       
18334.3       694.83        
18504.1       709.88        
18675.5       725.291       
18848.4       741.065       
19023         757.573       
19199.2       774.366       
19377         791.59        
19556.5       809.104       
19737.6       827.066       
19920.5       845.514       
20105         864.785       
20291.2       884.38        
20479.1       904.393       
20668.8       924.806       
20860.2       945.713       
21053.5       967.209       
21248.5       989.429       
21445.3       1011.95       
21643.9       1034.8        
21844.4       1058.61       
22046.7       1083.52       
22250.9       1108.79       
22457         1134.43       
22665         1160.86       
22874.9       1188          
23086.8       1215.6        
23300.6       1243.6        
23516.4       1272.4        
23734.2       1301.78       
23954.1       1331.65       
24175.9       1361.9        
24399.9       1393.46       
24625.9       1425.82       
24853.9       1458.52       
25084.2       1491.55       
25316.5       1525.97       
25551         1561.15       
25787.6       1596.83       
26026.5       1632.91       
26267.5       1670.13       
26510.8       1707.92       
26756.4       1746.43       
27004.2       1785.38       
27254.3       1824.43       
27506.8       1863.81       
27761.5       1904.89       
28018.7       1946.54       
28278.2       1989.23       
28540.1       2032.36       
28804.4       2074.81       
29071.2       2117.61       
29340.5       2162.25       
29612.3       2207.36       
29886.5       2252.58       
30163.3       2298.14       
30442.7       2343.57       
30724.7       2389.43       
31009.3       2436.17       
31296.5       2483.31       
31586.4       2530.62       
31878.9       2578.3        
32174.2       2626.16       
32472.2       2674.13       
32772.9       2721.3        
33076.5       2768.96       
33382.9       2817.45       
33692.1       2866          
34004.1       2913.86       
34319.1       2961.77       
34636.9       3009.23       
34957.8       3056.87       
35281.5       3104.45       
35608.3       3151.88       
35938.1       3198.6        
36271         3245.46       
36607         3292.3        
36946         3339.1        
37288.2       3385.59       
37633.6       3431.49       
37982.2       3476.48       
38334         3521.12       
38689         3565.26       
39047.4       3609.02       
39409         3652.33       
39774         3695.17       
40142.4       3737.57       
40514.2       3779.25       
40889.5       3820.34       
41268.2       3861.2        
41650.4       3901.98       
42036.2       3941.62       
42425.6       3980.56       
42818.5       4018.63       
43215.1       4056.25       
43615.4       4093.6        
44019.4       4130.88       
44427.1       4166.94       
44838.6       4202.46       
45253.9       4237.37       
45673         4272.01       
46096         4305.46       
46523         4338.38       
46953.9       4370.46       
47388.8       4402.22       
47827.7       4433.38       
48270.7       4464.33       
48717.8       4494.66       
49169         4524.65       
49624.4       4553.27       
50084.1       4581.5        
50548         4609.66       
51016.2       4637.64       
51488.7       4664.27       
51965.6       4690.47       
52446.9       4716.05       
52932.7       4741.45       
53422.9       4766.4        
53917.7       4791.04       
54417.1       4814.56       
54921.2       4837.8        
55429.9       4860.61       
55943.3       4883.24       
56461.4       4905.25       
56984.4       4926.98       
57512.2       4947.95       
58044.9       4968.7        
58582.5       4988.9        
59125.1       5008.89       
59672.7       5028.26       
60225.4       5047.49       
60783.2       5066.31       
61346.2       5084.88       
61914.4       5102.7        
62487.9       5120.38       
63066.7       5137.67       
63650.8       5154.65       
64240.3       5170.8        
64835.3       5186.87       
65435.9       5202.65       
66041.9       5218.25       
66653.6       5233.42       
67271         5248.45       
67894.1       5263.14       
68522.9       5277.46       
69157.6       5291.17       
69798.1       5304.91       
70444.6       5318.66       
71097.1       5331.91       
71755.6       5344.57       
72420.2       5357.25       
73091         5369.96       
73768         5382.14       
74451.2       5393.87       
75140.8       5405.56       
75836.8       5417.25       
76539.2       5428.59       
77248.1       5439.73       
77963.6       5450.56       
78685.7       5461.24       
79414.5       5471.55       
80150.1       5481.69       
80892.4       5491.49       
81641.7       5501.18       
82397.9       5510.45       
83161         5519.61       
83931.3       5528.72       
84708.7       5537.87       
85493.3       5546.62       
86285.1       5555.3        
87084.3       5563.89       
87890.9       5572.51       
88705         5580.71       
89526.6       5588.87       
90355.8       5596.55       
91192.7       5604.2        
92037.3       5611.8        
92889.8       5619.46       
93750.2       5626.55       
94618.5       5633.66       
95494.9       5640.27       
96379.3       5646.92       
97272         5653.48       
98173         5660.09       
99082.3       5666.66       
100000        5673.26       
