10            2.02703e+24   
10.0926       2.0202e+24    
10.1861       2.01345e+24   
10.2804       2.00686e+24   
10.3757       2.00035e+24   
10.4718       1.99377e+24   
10.5688       1.98714e+24   
10.6666       1.98044e+24   
10.7654       1.97368e+24   
10.8652       1.96749e+24   
10.9658       1.96145e+24   
11.0674       1.95536e+24   
11.1699       1.94921e+24   
11.2733       1.94324e+24   
11.3777       1.93727e+24   
11.4831       1.93143e+24   
11.5895       1.92558e+24   
11.6968       1.91972e+24   
11.8052       1.91381e+24   
11.9145       1.90805e+24   
12.0249       1.90227e+24   
12.1362       1.89669e+24   
12.2486       1.89107e+24   
12.3621       1.88564e+24   
12.4766       1.88017e+24   
12.5922       1.87512e+24   
12.7088       1.87005e+24   
12.8265       1.86493e+24   
12.9453       1.85976e+24   
13.0652       1.85426e+24   
13.1862       1.84874e+24   
13.3083       1.84365e+24   
13.4316       1.83847e+24   
13.556        1.83277e+24   
13.6816       1.82725e+24   
13.8083       1.82287e+24   
13.9362       1.81835e+24   
14.0653       1.81319e+24   
14.1955       1.80812e+24   
14.327        1.80356e+24   
14.4597       1.79897e+24   
14.5937       1.79433e+24   
14.7288       1.78971e+24   
14.8652       1.78516e+24   
15.0029       1.78062e+24   
15.1419       1.77615e+24   
15.2821       1.7718e+24    
15.4237       1.76775e+24   
15.5665       1.7635e+24    
15.7107       1.75887e+24   
15.8562       1.75425e+24   
16.0031       1.7497e+24    
16.1513       1.74618e+24   
16.3009       1.74419e+24   
16.4519       1.74135e+24   
16.6043       1.73729e+24   
16.7581       1.73318e+24   
16.9133       1.72905e+24   
17.0699       1.72494e+24   
17.2281       1.72086e+24   
17.3876       1.71681e+24   
17.5487       1.71278e+24   
17.7112       1.70872e+24   
17.8753       1.70462e+24   
18.0408       1.70056e+24   
18.2079       1.69651e+24   
18.3766       1.69281e+24   
18.5468       1.6893e+24    
18.7186       1.68545e+24   
18.8919       1.68137e+24   
19.0669       1.67725e+24   
19.2435       1.67311e+24   
19.4217       1.66944e+24   
19.6016       1.66594e+24   
19.7832       1.66241e+24   
19.9664       1.65885e+24   
20.1514       1.65533e+24   
20.338        1.65179e+24   
20.5264       1.64823e+24   
20.7165       1.64464e+24   
20.9084       1.64108e+24   
21.102        1.63752e+24   
21.2975       1.63399e+24   
21.4947       1.63045e+24   
21.6938       1.62688e+24   
21.8948       1.62335e+24   
22.0976       1.62019e+24   
22.3022       1.61705e+24   
22.5088       1.61361e+24   
22.7173       1.61014e+24   
22.9277       1.60703e+24   
23.1401       1.60358e+24   
23.3544       1.59839e+24   
23.5707       1.59323e+24   
23.789        1.5898e+24    
24.0093       1.58664e+24   
24.2317       1.58315e+24   
24.4562       1.57972e+24   
24.6827       1.57663e+24   
24.9113       1.5736e+24    
25.142        1.57058e+24   
25.3749       1.56754e+24   
25.6099       1.56448e+24   
25.8471       1.5614e+24    
26.0865       1.55834e+24   
26.3282       1.55528e+24   
26.572        1.55222e+24   
26.8181       1.54917e+24   
27.0665       1.54612e+24   
27.3172       1.54308e+24   
27.5702       1.54004e+24   
27.8256       1.53699e+24   
28.0833       1.53396e+24   
28.3434       1.5311e+24    
28.606        1.52858e+24   
28.8709       1.52586e+24   
29.1383       1.52283e+24   
29.4082       1.51978e+24   
29.6806       1.51669e+24   
29.9555       1.51386e+24   
30.2329       1.51133e+24   
30.513        1.50858e+24   
30.7956       1.50555e+24   
31.0808       1.50274e+24   
31.3687       1.50017e+24   
31.6592       1.49735e+24   
31.9525       1.49432e+24   
32.2484       1.49129e+24   
32.5471       1.48826e+24   
32.8486       1.48551e+24   
33.1528       1.48297e+24   
33.4599       1.48013e+24   
33.7698       1.47709e+24   
34.0826       1.47437e+24   
34.3983       1.47181e+24   
34.7169       1.46893e+24   
35.0384       1.46588e+24   
35.363        1.46318e+24   
35.6905       1.46061e+24   
36.0211       1.45772e+24   
36.3547       1.4547e+24    
36.6914       1.45205e+24   
37.0313       1.44951e+24   
37.3743       1.44698e+24   
37.7204       1.44442e+24   
38.0698       1.44148e+24   
38.4224       1.43843e+24   
38.7783       1.4358e+24    
39.1375       1.43322e+24   
39.5          1.43025e+24   
39.8658       1.42722e+24   
40.2351       1.42464e+24   
40.6077       1.42209e+24   
40.9838       1.41957e+24   
41.3634       1.41702e+24   
41.7466       1.41403e+24   
42.1332       1.411e+24     
42.5235       1.40845e+24   
42.9173       1.40586e+24   
43.3148       1.40281e+24   
43.716        1.39977e+24   
44.1209       1.39724e+24   
44.5296       1.39464e+24   
44.942        1.39162e+24   
45.3583       1.38865e+24   
45.7784       1.38612e+24   
46.2024       1.384e+24     
46.6303       1.384e+24     
47.0622       1.38347e+24   
47.4981       1.38096e+24   
47.9381       1.37832e+24   
48.3821       1.37526e+24   
48.8302       1.37232e+24   
49.2825       1.36978e+24   
49.739        1.36708e+24   
50.1997       1.36405e+24   
50.6646       1.36117e+24   
51.1339       1.35865e+24   
51.6075       1.35611e+24   
52.0855       1.35357e+24   
52.5679       1.35083e+24   
53.0548       1.34778e+24   
53.5462       1.34495e+24   
54.0422       1.34242e+24   
54.5427       1.33965e+24   
55.0479       1.33659e+24   
55.5578       1.33379e+24   
56.0723       1.33126e+24   
56.5917       1.32848e+24   
57.1159       1.32542e+24   
57.6449       1.32264e+24   
58.1788       1.3201e+24    
58.7177       1.31756e+24   
59.2615       1.31502e+24   
59.8104       1.31248e+24   
60.3644       1.30994e+24   
60.9235       1.30741e+24   
61.4878       1.30487e+24   
62.0573       1.302e+24     
62.6321       1.29894e+24   
63.2122       1.29625e+24   
63.7977       1.29371e+24   
64.3886       1.29117e+24   
64.985        1.28862e+24   
65.5869       1.2861e+24    
66.1943       1.28355e+24   
66.8074       1.28063e+24   
67.4262       1.27759e+24   
68.0507       1.27494e+24   
68.681        1.2724e+24    
69.3172       1.26987e+24   
69.9592       1.26733e+24   
70.6072       1.2648e+24    
71.2612       1.26217e+24   
71.9212       1.25882e+24   
72.5873       1.25536e+24   
73.2597       1.25263e+24   
73.9382       1.25009e+24   
74.623        1.24756e+24   
75.3142       1.24503e+24   
76.0118       1.24249e+24   
76.7158       1.23995e+24   
77.4264       1.23741e+24   
78.1435       1.23486e+24   
78.8673       1.23234e+24   
79.5978       1.2298e+24    
80.335        1.22726e+24   
81.0791       1.22471e+24   
81.8301       1.22218e+24   
82.588        1.21965e+24   
83.3529       1.21711e+24   
84.125        1.21457e+24   
84.9042       1.21203e+24   
85.6906       1.20963e+24   
86.4842       1.20755e+24   
87.2853       1.20567e+24   
88.0937       1.20412e+24   
88.9097       1.20227e+24   
89.7332       1.1998e+24    
90.5643       1.19726e+24   
91.4031       1.19472e+24   
92.2497       1.19236e+24   
93.1041       1.19032e+24   
93.9665       1.18809e+24   
94.8368       1.18556e+24   
95.7152       1.18301e+24   
96.6017       1.18048e+24   
97.4965       1.17815e+24   
98.3995       1.17612e+24   
99.3109       1.17386e+24   
100.231       1.17131e+24   
101.159       1.16903e+24   
102.096       1.16706e+24   
103.042       1.16477e+24   
103.996       1.16214e+24   
104.959       1.15988e+24   
105.931       1.15794e+24   
106.913       1.15592e+24   
107.903       1.15382e+24   
108.902       1.15119e+24   
109.911       1.14819e+24   
110.929       1.14574e+24   
111.956       1.14367e+24   
112.993       1.14135e+24   
114.04        1.13887e+24   
115.096       1.13667e+24   
116.162       1.13464e+24   
117.238       1.13259e+24   
118.324       1.13053e+24   
119.42        1.12851e+24   
120.526       1.1265e+24    
121.642       1.12447e+24   
122.769       1.12242e+24   
123.906       1.12035e+24   
125.054       1.11827e+24   
126.212       1.11624e+24   
127.381       1.11421e+24   
128.561       1.11223e+24   
129.752       1.11024e+24   
130.954       1.10817e+24   
132.166       1.10603e+24   
133.391       1.10362e+24   
134.626       1.10118e+24   
135.873       1.09905e+24   
137.131       1.097e+24     
138.402       1.09544e+24   
139.684       1.09386e+24   
140.977       1.09188e+24   
142.283       1.08987e+24   
143.601       1.08784e+24   
144.931       1.08581e+24   
146.273       1.08382e+24   
147.628       1.08181e+24   
148.996       1.07978e+24   
150.376       1.07774e+24   
151.768       1.07568e+24   
153.174       1.07361e+24   
154.593       1.07158e+24   
156.025       1.06955e+24   
157.47        1.06756e+24   
158.928       1.06555e+24   
160.4         1.06352e+24   
161.886       1.0612e+24    
163.385       1.0581e+24    
164.899       1.05536e+24   
166.426       1.05339e+24   
167.967       1.05138e+24   
169.523       1.0493e+24    
171.093       1.04743e+24   
172.678       1.04589e+24   
174.277       1.04415e+24   
175.892       1.04214e+24   
177.521       1.04013e+24   
179.165       1.03813e+24   
180.824       1.03612e+24   
182.499       1.03409e+24   
184.19        1.03204e+24   
185.896       1.02997e+24   
187.617       1.02792e+24   
189.355       1.02588e+24   
191.109       1.02414e+24   
192.879       1.02262e+24   
194.666       1.022e+24     
196.469       1.022e+24     
198.288       1.02079e+24   
200.125       1.01875e+24   
201.979       1.01673e+24   
203.849       1.0147e+24    
205.737       1.01266e+24   
207.643       1.0106e+24    
209.566       1.00856e+24   
211.507       1.00652e+24   
213.466       1.0045e+24    
215.443       1.00247e+24   
217.439       1.00031e+24   
219.453       9.98092e+23   
221.486       9.96014e+23   
223.537       9.93965e+23   
225.607       9.91934e+23   
227.697       9.89896e+23   
229.806       9.87837e+23   
231.935       9.85652e+23   
234.083       9.82183e+23   
236.251       9.7856e+23    
238.439       9.76339e+23   
240.648       9.74427e+23   
242.876       9.7246e+23    
245.126       9.70471e+23   
247.396       9.68496e+23   
249.688       9.66517e+23   
252           9.6455e+23    
254.335       9.62571e+23   
256.69        9.60573e+23   
259.068       9.58564e+23   
261.467       9.56561e+23   
263.889       9.54552e+23   
266.333       9.5256e+23    
268.8         9.50566e+23   
271.29        9.4858e+23    
273.803       9.46667e+23   
276.339       9.44961e+23   
278.898       9.43183e+23   
281.481       9.41183e+23   
284.088       9.3915e+23    
286.72        9.37123e+23   
289.375       9.35093e+23   
292.056       9.33068e+23   
294.761       9.31056e+23   
297.491       9.29079e+23   
300.246       9.27084e+23   
303.027       9.25062e+23   
305.834       9.23016e+23   
308.666       9.20942e+23   
311.525       9.18883e+23   
314.411       9.16856e+23   
317.323       9.14826e+23   
320.262       9.12799e+23   
323.228       9.10768e+23   
326.222       9.08737e+23   
329.244       9.06795e+23   
332.293       9.04963e+23   
335.371       9.03011e+23   
338.477       9.00924e+23   
341.612       8.9886e+23    
344.776       8.96819e+23   
347.97        8.94766e+23   
351.193       8.92702e+23   
354.446       8.90618e+23   
357.729       8.88516e+23   
361.042       8.86432e+23   
364.386       8.84355e+23   
367.761       8.82278e+23   
371.167       8.80194e+23   
374.605       8.7811e+23    
378.075       8.76019e+23   
381.576       8.73914e+23   
385.111       8.71796e+23   
388.678       8.6969e+23    
392.278       8.67585e+23   
395.911       8.65499e+23   
399.578       8.63415e+23   
403.279       8.61349e+23   
407.014       8.5928e+23    
410.784       8.57191e+23   
414.589       8.5509e+23    
418.429       8.53027e+23   
422.304       8.50964e+23   
426.216       8.48881e+23   
430.164       8.46779e+23   
434.148       8.44661e+23   
438.169       8.4253e+23    
442.227       8.40438e+23   
446.323       8.38324e+23   
450.457       8.36073e+23   
454.63        8.33809e+23   
458.84        8.31705e+23   
463.09        8.29612e+23   
467.38        8.27539e+23   
471.708       8.25451e+23   
476.078       8.23342e+23   
480.487       8.2122e+23    
484.937       8.1912e+23    
489.429       8.17014e+23   
493.962       8.14948e+23   
498.537       8.12868e+23   
503.155       8.10787e+23   
507.815       8.08657e+23   
512.519       8.06381e+23   
517.266       8.0414e+23    
522.057       8.02072e+23   
526.892       7.99978e+23   
531.772       7.97843e+23   
536.698       7.95715e+23   
541.669       7.93636e+23   
546.686       7.9155e+23    
551.749       7.89474e+23   
556.86        7.87393e+23   
562.017       7.85319e+23   
567.223       7.83235e+23   
572.477       7.81143e+23   
577.779       7.79057e+23   
583.131       7.76987e+23   
588.532       7.74972e+23   
593.983       7.73036e+23   
599.484       7.71037e+23   
605.037       7.68967e+23   
610.641       7.66888e+23   
616.297       7.64799e+23   
622.005       7.6271e+23    
627.766       7.60619e+23   
633.58        7.58541e+23   
639.449       7.56466e+23   
645.372       7.54394e+23   
651.349       7.52317e+23   
657.382       7.50231e+23   
663.471       7.48134e+23   
669.616       7.46149e+23   
675.818       7.44217e+23   
682.078       7.42197e+23   
688.395       7.40125e+23   
694.771       7.38081e+23   
701.206       7.36038e+23   
707.701       7.33974e+23   
714.256       7.31891e+23   
720.872       7.29813e+23   
727.548       7.27723e+23   
734.287       7.25692e+23   
741.088       7.23662e+23   
747.952       7.21596e+23   
754.88        7.19509e+23   
761.872       7.17469e+23   
768.928       7.15426e+23   
776.05        7.13398e+23   
783.238       7.11362e+23   
790.493       7.09341e+23   
797.814       7.0731e+23    
805.204       7.05281e+23   
812.662       7.03243e+23   
820.189       7.01216e+23   
827.786       6.99183e+23   
835.453       6.9716e+23    
843.191       6.95128e+23   
851.001       6.93096e+23   
858.883       6.91074e+23   
866.838       6.89133e+23   
874.867       6.8719e+23    
882.97        6.85227e+23   
891.148       6.8324e+23    
899.402       6.81217e+23   
907.733       6.79194e+23   
916.14        6.77212e+23   
924.626       6.75228e+23   
933.19        6.73249e+23   
941.833       6.71264e+23   
950.557       6.69284e+23   
959.361       6.67286e+23   
968.247       6.65267e+23   
977.215       6.63253e+23   
986.266       6.61266e+23   
995.401       6.5931e+23    
1004.62       6.5741e+23    
1013.93       6.55461e+23   
1023.32       6.53431e+23   
1032.79       6.51445e+23   
1042.36       6.49528e+23   
1052.02       6.47597e+23   
1061.76       6.45648e+23   
1071.59       6.43728e+23   
1081.52       6.41841e+23   
1091.54       6.39938e+23   
1101.65       6.38017e+23   
1111.85       6.36103e+23   
1122.15       6.34198e+23   
1132.54       6.32297e+23   
1143.03       6.30399e+23   
1153.62       6.28483e+23   
1164.3        6.26551e+23   
1175.09       6.24628e+23   
1185.97       6.22713e+23   
1196.96       6.2083e+23    
1208.04       6.18964e+23   
1219.23       6.17051e+23   
1230.52       6.15107e+23   
1241.92       6.13226e+23   
1253.42       6.11378e+23   
1265.03       6.09543e+23   
1276.75       6.07706e+23   
1288.58       6.0582e+23    
1300.51       6.0391e+23    
1312.56       6.02066e+23   
1324.71       6.00243e+23   
1336.98       5.98402e+23   
1349.37       5.96557e+23   
1361.87       5.94779e+23   
1374.48       5.93008e+23   
1387.21       5.91186e+23   
1400.06       5.89349e+23   
1413.03       5.87581e+23   
1426.11       5.85814e+23   
1439.32       5.83994e+23   
1452.65       5.82163e+23   
1466.11       5.80401e+23   
1479.69       5.7864e+23    
1493.39       5.76864e+23   
1507.23       5.7508e+23    
1521.19       5.73327e+23   
1535.28       5.71566e+23   
1549.5        5.69788e+23   
1563.85       5.68002e+23   
1578.33       5.66238e+23   
1592.95       5.64475e+23   
1607.7        5.62751e+23   
1622.6        5.61012e+23   
1637.62       5.59251e+23   
1652.79       5.57484e+23   
1668.1        5.55749e+23   
1683.55       5.54022e+23   
1699.14       5.52362e+23   
1714.88       5.50688e+23   
1730.77       5.49e+23      
1746.8        5.47309e+23   
1762.98       5.4564e+23    
1779.3        5.43943e+23   
1795.78       5.42192e+23   
1812.42       5.40475e+23   
1829.2        5.38847e+23   
1846.15       5.37203e+23   
1863.25       5.35544e+23   
1880.5        5.33888e+23   
1897.92       5.32249e+23   
1915.5        5.30593e+23   
1933.24       5.2892e+23    
1951.15       5.27276e+23   
1969.22       5.25669e+23   
1987.46       5.24048e+23   
2005.87       5.22412e+23   
2024.45       5.20783e+23   
2043.2        5.19161e+23   
2062.12       5.17548e+23   
2081.22       5.15939e+23   
2100.5        5.14344e+23   
2119.95       5.12756e+23   
2139.59       5.11179e+23   
2159.41       5.09604e+23   
2179.41       5.08038e+23   
2199.59       5.06474e+23   
2219.97       5.04895e+23   
2240.53       5.03302e+23   
2261.28       5.0172e+23    
2282.22       5.00137e+23   
2303.36       4.98603e+23   
2324.7        4.97079e+23   
2346.23       4.95568e+23   
2367.96       4.94052e+23   
2389.89       4.92521e+23   
2412.03       4.90977e+23   
2434.37       4.89516e+23   
2456.92       4.88063e+23   
2479.67       4.86597e+23   
2502.64       4.85117e+23   
2525.82       4.83607e+23   
2549.21       4.82083e+23   
2572.83       4.80632e+23   
2596.66       4.79182e+23   
2620.71       4.77728e+23   
2644.98       4.76265e+23   
2669.48       4.7483e+23    
2694.2        4.73395e+23   
2719.16       4.71991e+23   
2744.34       4.70581e+23   
2769.76       4.69157e+23   
2795.42       4.67725e+23   
2821.31       4.66301e+23   
2847.44       4.6488e+23    
2873.81       4.63504e+23   
2900.43       4.62133e+23   
2927.29       4.60785e+23   
2954.41       4.5943e+23    
2981.77       4.58061e+23   
3009.39       4.56686e+23   
3037.26       4.55316e+23   
3065.4        4.53942e+23   
3093.79       4.52571e+23   
3122.44       4.51211e+23   
3151.36       4.49887e+23   
3180.55       4.48563e+23   
3210.01       4.47241e+23   
3239.74       4.45916e+23   
3269.75       4.44592e+23   
3300.03       4.43266e+23   
3330.6        4.41941e+23   
3361.45       4.40641e+23   
3392.58       4.39383e+23   
3424.01       4.38158e+23   
3455.72       4.36978e+23   
3487.73       4.35785e+23   
3520.03       4.34574e+23   
3552.63       4.33337e+23   
3585.54       4.32072e+23   
3618.75       4.30828e+23   
3652.27       4.29608e+23   
3686.1        4.28362e+23   
3720.24       4.27088e+23   
3754.69       4.2585e+23    
3789.47       4.2464e+23    
3824.57       4.23448e+23   
3859.99       4.22267e+23   
3895.75       4.21065e+23   
3931.83       4.19848e+23   
3968.25       4.18668e+23   
4005          4.17513e+23   
4042.1        4.16407e+23   
4079.53       4.15329e+23   
4117.32       4.14228e+23   
4155.46       4.13108e+23   
4193.94       4.11965e+23   
4232.79       4.10811e+23   
4271.99       4.09709e+23   
4311.56       4.08628e+23   
4351.5        4.07523e+23   
4391.8        4.06403e+23   
4432.48       4.05291e+23   
4473.53       4.04182e+23   
4514.97       4.03104e+23   
4556.79       4.02036e+23   
4598.99       4.00975e+23   
4641.59       3.99917e+23   
4684.58       3.98892e+23   
4727.97       3.97881e+23   
4771.76       3.9691e+23    
4815.96       3.95939e+23   
4860.56       3.94933e+23   
4905.58       3.93913e+23   
4951.02       3.929e+23     
4996.88       3.9189e+23    
5043.16       3.90915e+23   
5089.87       3.89945e+23   
5137.01       3.88989e+23   
5184.59       3.88036e+23   
5232.61       3.87112e+23   
5281.08       3.86189e+23   
5329.99       3.85279e+23   
5379.36       3.84367e+23   
5429.19       3.8346e+23    
5479.47       3.82558e+23   
5530.22       3.81693e+23   
5581.45       3.80837e+23   
5633.14       3.80025e+23   
5685.32       3.79199e+23   
5737.98       3.78338e+23   
5791.12       3.77487e+23   
5844.76       3.76677e+23   
5898.9        3.7585e+23    
5953.53       3.7499e+23    
6008.68       3.74157e+23   
6064.33       3.73391e+23   
6120.5        3.72607e+23   
6177.19       3.71797e+23   
6234.4        3.71005e+23   
6292.15       3.70245e+23   
6350.43       3.69505e+23   
6409.24       3.68795e+23   
6468.61       3.68062e+23   
6528.52       3.673e+23     
6588.99       3.66586e+23   
6650.02       3.65925e+23   
6711.61       3.65237e+23   
6773.78       3.64524e+23   
6836.52       3.63841e+23   
6899.84       3.63182e+23   
6963.74       3.62524e+23   
7028.24       3.61864e+23   
7093.34       3.61265e+23   
7159.04       3.60704e+23   
7225.35       3.60115e+23   
7292.27       3.59507e+23   
7359.81       3.58899e+23   
7427.98       3.58288e+23   
7496.78       3.57714e+23   
7566.22       3.57152e+23   
7636.3        3.56594e+23   
7707.03       3.56034e+23   
7778.41       3.55479e+23   
7850.46       3.5492e+23    
7923.17       3.54403e+23   
7996.55       3.53893e+23   
8070.62       3.53388e+23   
8145.37       3.52879e+23   
8220.82       3.52415e+23   
8296.96       3.51955e+23   
8373.81       3.51501e+23   
8451.37       3.51045e+23   
8529.64       3.5059e+23    
8608.65       3.50132e+23   
8688.38       3.49721e+23   
8768.86       3.49314e+23   
8850.07       3.48956e+23   
8932.05       3.48596e+23   
9014.78       3.48196e+23   
9098.27       3.478e+23     
9182.54       3.47489e+23   
9267.59       3.47178e+23   
9353.43       3.46825e+23   
9440.06       3.46484e+23   
9527.5        3.46224e+23   
9615.75       3.45961e+23   
9704.81       3.4566e+23    
9794.7        3.45375e+23   
9885.42       3.45167e+23   
9976.98       3.4495e+23    
10069.4       3.44696e+23   
10162.7       3.44469e+23   
10256.8       3.44316e+23   
10351.8       3.44152e+23   
10447.7       3.43952e+23   
10544.4       3.43778e+23   
10642.1       3.43671e+23   
10740.7       3.4357e+23    
10840.1       3.4347e+23    
10940.5       3.43369e+23   
11041.9       3.43268e+23   
11144.2       3.43184e+23   
11247.4       3.43131e+23   
11351.5       3.4308e+23    
11456.7       3.4303e+23    
11562.8       3.43001e+23   
11669.9       3.43e+23      
11778         3.43024e+23   
11887.1       3.43075e+23   
11997.2       3.43126e+23   
12108.3       3.43176e+23   
12220.4       3.43253e+23   
12333.6       3.43351e+23   
12447.9       3.43479e+23   
12563.2       3.43636e+23   
12679.5       3.43791e+23   
12797         3.43945e+23   
12915.5       3.44126e+23   
13035.1       3.44325e+23   
13155.9       3.44526e+23   
13277.7       3.44731e+23   
13400.7       3.44968e+23   
13524.8       3.45229e+23   
13650.1       3.45516e+23   
13776.5       3.4582e+23    
13904.1       3.46126e+23   
14032.9       3.46442e+23   
14162.9       3.46817e+23   
14294         3.47216e+23   
14426.4       3.47587e+23   
14560.1       3.47955e+23   
14694.9       3.48383e+23   
14831         3.48837e+23   
14968.4       3.49295e+23   
15107         3.49761e+23   
15247         3.50253e+23   
15388.2       3.50764e+23   
15530.7       3.51313e+23   
15674.6       3.51876e+23   
15819.7       3.5243e+23    
15966.3       3.52993e+23   
16114.1       3.53596e+23   
16263.4       3.54219e+23   
16414         3.54867e+23   
16566.1       3.55526e+23   
16719.5       3.56191e+23   
16874.4       3.56868e+23   
17030.7       3.57571e+23   
17188.4       3.58289e+23   
17347.6       3.59032e+23   
17508.3       3.59786e+23   
17670.4       3.60546e+23   
17834.1       3.61319e+23   
17999.3       3.62118e+23   
18166         3.62937e+23   
18334.3       3.63801e+23   
18504.1       3.64657e+23   
18675.5       3.65467e+23   
18848.4       3.66307e+23   
19023         3.67228e+23   
19199.2       3.68139e+23   
19377         3.69003e+23   
19556.5       3.69883e+23   
19737.6       3.70788e+23   
19920.5       3.71702e+23   
20105         3.72625e+23   
20291.2       3.73566e+23   
20479.1       3.74531e+23   
20668.8       3.75473e+23   
20860.2       3.7638e+23    
21053.5       3.77295e+23   
21248.5       3.78219e+23   
21445.3       3.79105e+23   
21643.9       3.79949e+23   
21844.4       3.80811e+23   
22046.7       3.81693e+23   
22250.9       3.8256e+23    
22457         3.83414e+23   
22665         3.84249e+23   
22874.9       3.85068e+23   
23086.8       3.85853e+23   
23300.6       3.86616e+23   
23516.4       3.87312e+23   
23734.2       3.87971e+23   
23954.1       3.88593e+23   
24175.9       3.89198e+23   
24399.9       3.89775e+23   
24625.9       3.9034e+23    
24853.9       3.90821e+23   
25084.2       3.91271e+23   
25316.5       3.91617e+23   
25551         3.91923e+23   
25787.6       3.92189e+23   
26026.5       3.92443e+23   
26267.5       3.9254e+23    
26510.8       3.92592e+23   
26756.4       3.92558e+23   
27004.2       3.92507e+23   
27254.3       3.92371e+23   
27506.8       3.9222e+23    
27761.5       3.91846e+23   
28018.7       3.91434e+23   
28278.2       3.90933e+23   
28540.1       3.90418e+23   
28804.4       3.89728e+23   
29071.2       3.89021e+23   
29340.5       3.88115e+23   
29612.3       3.87186e+23   
29886.5       3.86125e+23   
30163.3       3.8503e+23    
30442.7       3.83741e+23   
30724.7       3.82418e+23   
31009.3       3.8095e+23    
31296.5       3.79441e+23   
31586.4       3.77768e+23   
31878.9       3.76046e+23   
32174.2       3.74168e+23   
32472.2       3.7224e+23    
32772.9       3.70188e+23   
33076.5       3.68071e+23   
33382.9       3.65779e+23   
33692.1       3.6344e+23    
34004.1       3.61026e+23   
34319.1       3.58557e+23   
34636.9       3.55987e+23   
34957.8       3.53343e+23   
35281.5       3.50563e+23   
35608.3       3.47737e+23   
35938.1       3.44846e+23   
36271         3.41889e+23   
36607         3.38837e+23   
36946         3.35733e+23   
37288.2       3.32567e+23   
37633.6       3.29347e+23   
37982.2       3.26064e+23   
38334         3.22748e+23   
38689         3.19401e+23   
39047.4       3.15997e+23   
39409         3.12533e+23   
39774         3.09061e+23   
40142.4       3.05578e+23   
40514.2       3.02089e+23   
40889.5       2.9859e+23    
41268.2       2.95029e+23   
41650.4       2.9141e+23    
42036.2       2.87814e+23   
42425.6       2.84224e+23   
42818.5       2.80629e+23   
43215.1       2.77019e+23   
43615.4       2.73373e+23   
44019.4       2.69693e+23   
44427.1       2.66071e+23   
44838.6       2.62467e+23   
45253.9       2.58891e+23   
45673         2.55318e+23   
46096         2.51766e+23   
46523         2.48214e+23   
46953.9       2.44682e+23   
47388.8       2.41152e+23   
47827.7       2.37682e+23   
48270.7       2.34223e+23   
48717.8       2.30758e+23   
49169         2.27293e+23   
49624.4       2.23939e+23   
50084.1       2.20606e+23   
50548         2.17241e+23   
51016.2       2.13873e+23   
51488.7       2.10613e+23   
51965.6       2.07378e+23   
52446.9       2.0417e+23    
52932.7       2.00967e+23   
53422.9       1.97813e+23   
53917.7       1.94679e+23   
54417.1       1.91626e+23   
54921.2       1.88592e+23   
55429.9       1.85605e+23   
55943.3       1.82621e+23   
56461.4       1.79665e+23   
56984.4       1.76725e+23   
57512.2       1.73865e+23   
58044.9       1.71027e+23   
58582.5       1.68252e+23   
59125.1       1.65493e+23   
59672.7       1.62795e+23   
60225.4       1.60108e+23   
60783.2       1.57465e+23   
61346.2       1.5483e+23    
61914.4       1.52238e+23   
62487.9       1.49669e+23   
63066.7       1.47177e+23   
63650.8       1.44701e+23   
64240.3       1.42281e+23   
64835.3       1.39878e+23   
65435.9       1.37536e+23   
66041.9       1.35212e+23   
66653.6       1.32937e+23   
67271         1.30674e+23   
67894.1       1.28445e+23   
68522.9       1.2623e+23    
69157.6       1.24047e+23   
69798.1       1.21902e+23   
70444.6       1.19815e+23   
71097.1       1.17755e+23   
71755.6       1.15729e+23   
72420.2       1.13749e+23   
73091         1.11818e+23   
73768         1.09885e+23   
74451.2       1.07947e+23   
75140.8       1.06073e+23   
75836.8       1.04244e+23   
76539.2       1.02443e+23   
77248.1       1.00656e+23   
77963.6       9.89047e+22   
78685.7       9.71706e+22   
79414.5       9.54833e+22   
80150.1       9.38144e+22   
80892.4       9.21763e+22   
81641.7       9.05453e+22   
82397.9       8.89656e+22   
83161         8.73985e+22   
83931.3       8.58735e+22   
84708.7       8.43543e+22   
85493.3       8.28752e+22   
86285.1       8.13988e+22   
87084.3       7.99754e+22   
87890.9       7.85549e+22   
88705         7.71781e+22   
89526.6       7.58002e+22   
90355.8       7.44709e+22   
91192.7       7.3139e+22    
92037.3       7.18527e+22   
92889.8       7.05612e+22   
93750.2       6.93283e+22   
94618.5       6.80892e+22   
95494.9       6.68911e+22   
96379.3       6.56845e+22   
97272         6.45338e+22   
98173         6.33741e+22   
99082.3       6.22576e+22   
100000        6.11337e+22   
