10            5.98492e-23   
10.0926       5.93967e-23   
10.1861       5.89456e-23   
10.2804       5.84974e-23   
10.3757       5.80514e-23   
10.4718       5.76132e-23   
10.5688       5.718e-23     
10.6666       5.67527e-23   
10.7654       5.63293e-23   
10.8652       5.58994e-23   
10.9658       5.54691e-23   
11.0674       5.50466e-23   
11.1699       5.46284e-23   
11.2733       5.42124e-23   
11.3777       5.37993e-23   
11.4831       5.33856e-23   
11.5895       5.2974e-23    
11.6968       5.25754e-23   
11.8052       5.21811e-23   
11.9145       5.17836e-23   
12.0249       5.13882e-23   
12.1362       5.09945e-23   
12.2486       5.06041e-23   
12.3621       5.02244e-23   
12.4766       4.9848e-23    
12.5922       4.9455e-23    
12.7088       4.90646e-23   
12.8265       4.8688e-23    
12.9453       4.83149e-23   
13.0652       4.79475e-23   
13.1862       4.7583e-23    
13.3083       4.72171e-23   
13.4316       4.68559e-23   
13.556        4.65132e-23   
13.6816       4.61682e-23   
13.8083       4.58018e-23   
13.9362       4.54404e-23   
14.0653       4.50966e-23   
14.1955       4.47549e-23   
14.327        4.44135e-23   
14.4597       4.40708e-23   
14.5937       4.37181e-23   
14.7288       4.33735e-23   
14.8652       4.30458e-23   
15.0029       4.27201e-23   
15.1419       4.23967e-23   
15.2821       4.20668e-23   
15.4237       4.17192e-23   
15.5665       4.13847e-23   
15.7107       4.10751e-23   
15.8562       4.07673e-23   
16.0031       4.04618e-23   
16.1513       4.01345e-23   
16.3009       3.97764e-23   
16.4519       3.94397e-23   
16.6043       3.91338e-23   
16.7581       3.88305e-23   
16.9133       3.85308e-23   
17.0699       3.8224e-23    
17.2281       3.79115e-23   
17.3876       3.76101e-23   
17.5487       3.73194e-23   
17.7112       3.70311e-23   
17.8753       3.67463e-23   
18.0408       3.6463e-23    
18.2079       3.61824e-23   
18.3766       3.58965e-23   
18.5468       3.56095e-23   
18.7186       3.53316e-23   
18.8919       3.5061e-23    
19.0669       3.47821e-23   
19.2435       3.45014e-23   
19.4217       3.42249e-23   
19.6016       3.39525e-23   
19.7832       3.36823e-23   
19.9664       3.34152e-23   
20.1514       3.31496e-23   
20.338        3.28868e-23   
20.5264       3.26262e-23   
20.7165       3.23687e-23   
20.9084       3.21125e-23   
21.102        3.1859e-23    
21.2975       3.1607e-23    
21.4947       3.13576e-23   
21.6938       3.11104e-23   
21.8948       3.08649e-23   
22.0976       3.06142e-23   
22.3022       3.03656e-23   
22.5088       3.01249e-23   
22.7173       2.9887e-23    
22.9277       2.96444e-23   
23.1401       2.94105e-23   
23.3544       2.92099e-23   
23.5707       2.90106e-23   
23.789        2.87816e-23   
24.0093       2.85502e-23   
24.2317       2.83263e-23   
24.4562       2.8104e-23    
24.6827       2.78773e-23   
24.9113       2.7652e-23    
25.142        2.74282e-23   
25.3749       2.72071e-23   
25.6099       2.6988e-23    
25.8471       2.67714e-23   
26.0865       2.65564e-23   
26.3282       2.63438e-23   
26.572        2.61327e-23   
26.8181       2.59241e-23   
27.0665       2.57171e-23   
27.3172       2.55125e-23   
27.5702       2.53096e-23   
27.8256       2.5109e-23    
28.0833       2.49101e-23   
28.3434       2.47107e-23   
28.606        2.45079e-23   
28.8709       2.43106e-23   
29.1383       2.41201e-23   
29.4082       2.39326e-23   
29.6806       2.37477e-23   
29.9555       2.35568e-23   
30.2329       2.33574e-23   
30.513        2.31688e-23   
30.7956       2.29915e-23   
31.0808       2.28087e-23   
31.3687       2.26195e-23   
31.6592       2.24419e-23   
31.9525       2.2274e-23    
32.2484       2.21039e-23   
32.5471       2.19316e-23   
32.8486       2.17583e-23   
33.1528       2.15842e-23   
33.4599       2.14177e-23   
33.7698       2.12562e-23   
34.0826       2.10937e-23   
34.3983       2.0931e-23    
34.7169       2.07766e-23   
35.0384       2.06268e-23   
35.363        2.0476e-23    
35.6905       2.03254e-23   
36.0211       2.01777e-23   
36.3547       2.0032e-23    
36.6914       1.98915e-23   
37.0313       1.97534e-23   
37.3743       1.96113e-23   
37.7204       1.94692e-23   
38.0698       1.93413e-23   
38.4224       1.92178e-23   
38.7783       1.90947e-23   
39.1375       1.89726e-23   
39.5          1.88556e-23   
39.8658       1.87405e-23   
40.2351       1.86265e-23   
40.6077       1.85136e-23   
40.9838       1.84016e-23   
41.3634       1.82914e-23   
41.7466       1.81952e-23   
42.1332       1.81012e-23   
42.5235       1.80101e-23   
42.9173       1.79207e-23   
43.3148       1.78408e-23   
43.716        1.77623e-23   
44.1209       1.7687e-23    
44.5296       1.76139e-23   
44.942        1.755e-23     
45.3583       1.74879e-23   
45.7784       1.74312e-23   
46.2024       1.73714e-23   
46.6303       1.72922e-23   
47.0622       1.72213e-23   
47.4981       1.71786e-23   
47.9381       1.71415e-23   
48.3821       1.7122e-23    
48.8302       1.71037e-23   
49.2825       1.70868e-23   
49.739        1.70749e-23   
50.1997       1.70734e-23   
50.6646       1.70757e-23   
51.1339       1.70844e-23   
51.6075       1.70961e-23   
52.0855       1.71127e-23   
52.5679       1.71369e-23   
53.0548       1.71724e-23   
53.5462       1.72124e-23   
54.0422       1.72582e-23   
54.5427       1.73116e-23   
55.0479       1.73747e-23   
55.5578       1.74412e-23   
56.0723       1.75111e-23   
56.5917       1.75945e-23   
57.1159       1.76915e-23   
57.6449       1.7814e-23    
58.1788       1.79587e-23   
58.7177       1.80873e-23   
59.2615       1.82038e-23   
59.8104       1.83302e-23   
60.3644       1.84635e-23   
60.9235       1.8606e-23    
61.4878       1.87543e-23   
62.0573       1.89193e-23   
62.6321       1.90934e-23   
63.2122       1.92705e-23   
63.7977       1.94496e-23   
64.3886       1.96387e-23   
64.985        1.98326e-23   
65.5869       2.00362e-23   
66.1943       2.02446e-23   
66.8074       2.0473e-23    
67.4262       2.07092e-23   
68.0507       2.09473e-23   
68.681        2.11874e-23   
69.3172       2.14368e-23   
69.9592       2.16906e-23   
70.6072       2.19534e-23   
71.2612       2.22174e-23   
71.9212       2.24674e-23   
72.5873       2.27196e-23   
73.2597       2.30022e-23   
73.9382       2.32946e-23   
74.623        2.35935e-23   
75.3142       2.38965e-23   
76.0118       2.42089e-23   
76.7158       2.45257e-23   
77.4264       2.48496e-23   
78.1435       2.51765e-23   
78.8673       2.55068e-23   
79.5978       2.58406e-23   
80.335        2.61824e-23   
81.0791       2.65263e-23   
81.8301       2.68709e-23   
82.588        2.72192e-23   
83.3529       2.75764e-23   
84.125        2.79338e-23   
84.9042       2.82884e-23   
85.6906       2.86431e-23   
86.4842       2.89982e-23   
87.2853       2.93632e-23   
88.0937       2.97486e-23   
88.9097       3.01254e-23   
89.7332       3.04829e-23   
90.5643       3.08431e-23   
91.4031       3.12108e-23   
92.2497       3.15717e-23   
93.1041       3.19201e-23   
93.9665       3.22734e-23   
94.8368       3.26359e-23   
95.7152       3.29966e-23   
96.6017       3.33538e-23   
97.4965       3.37005e-23   
98.3995       3.40324e-23   
99.3109       3.43714e-23   
100.231       3.47194e-23   
101.159       3.50479e-23   
102.096       3.53554e-23   
103.042       3.56863e-23   
103.996       3.6044e-23    
104.959       3.63563e-23   
105.931       3.66318e-23   
106.913       3.69235e-23   
107.903       3.72324e-23   
108.902       3.75587e-23   
109.911       3.78974e-23   
110.929       3.82e-23      
111.956       3.84759e-23   
112.993       3.87444e-23   
114.04        3.90084e-23   
115.096       3.92578e-23   
116.162       3.94982e-23   
117.238       3.97394e-23   
118.324       3.99802e-23   
119.42        4.0203e-23    
120.526       4.04178e-23   
121.642       4.0628e-23    
122.769       4.08363e-23   
123.906       4.10405e-23   
125.054       4.12417e-23   
126.212       4.1419e-23    
127.381       4.15891e-23   
128.561       4.1737e-23    
129.752       4.18823e-23   
130.954       4.20457e-23   
132.166       4.22109e-23   
133.391       4.23403e-23   
134.626       4.24665e-23   
135.873       4.25947e-23   
137.131       4.27201e-23   
138.402       4.28064e-23   
139.684       4.28902e-23   
140.977       4.297e-23     
142.283       4.30497e-23   
143.601       4.31194e-23   
144.931       4.31885e-23   
146.273       4.32432e-23   
147.628       4.32976e-23   
148.996       4.33365e-23   
150.376       4.33768e-23   
151.768       4.34189e-23   
153.174       4.34571e-23   
154.593       4.34741e-23   
156.025       4.34867e-23   
157.47        4.34807e-23   
158.928       4.34751e-23   
160.4         4.34667e-23   
161.886       4.34557e-23   
163.385       4.34351e-23   
164.899       4.34081e-23   
166.426       4.33652e-23   
167.967       4.33261e-23   
169.523       4.32932e-23   
171.093       4.32454e-23   
172.678       4.31719e-23   
174.277       4.31024e-23   
175.892       4.30378e-23   
177.521       4.2966e-23    
179.165       4.28847e-23   
180.824       4.28007e-23   
182.499       4.27127e-23   
184.19        4.26268e-23   
185.896       4.25432e-23   
187.617       4.24483e-23   
189.355       4.23441e-23   
191.109       4.22225e-23   
192.879       4.20886e-23   
194.666       4.19713e-23   
196.469       4.18654e-23   
198.288       4.17426e-23   
200.125       4.16098e-23   
201.979       4.14717e-23   
203.849       4.13319e-23   
205.737       4.11878e-23   
207.643       4.10427e-23   
209.566       4.08922e-23   
211.507       4.07411e-23   
213.466       4.05843e-23   
215.443       4.04273e-23   
217.439       4.02676e-23   
219.453       4.0109e-23    
221.486       3.99428e-23   
223.537       3.97758e-23   
225.607       3.96006e-23   
227.697       3.94247e-23   
229.806       3.92458e-23   
231.935       3.90669e-23   
234.083       3.88749e-23   
236.251       3.8682e-23    
238.439       3.84899e-23   
240.648       3.82994e-23   
242.876       3.81064e-23   
245.126       3.79144e-23   
247.396       3.77222e-23   
249.688       3.75303e-23   
252           3.73325e-23   
254.335       3.71349e-23   
256.69        3.69367e-23   
259.068       3.67382e-23   
261.467       3.65337e-23   
263.889       3.633e-23     
266.333       3.61273e-23   
268.8         3.59245e-23   
271.29        3.5717e-23    
273.803       3.55113e-23   
276.339       3.53089e-23   
278.898       3.51057e-23   
281.481       3.48971e-23   
284.088       3.46884e-23   
286.72        3.44781e-23   
289.375       3.4267e-23    
292.056       3.40523e-23   
294.761       3.38383e-23   
297.491       3.36244e-23   
300.246       3.34103e-23   
303.027       3.31941e-23   
305.834       3.29802e-23   
308.666       3.27687e-23   
311.525       3.25556e-23   
314.411       3.23387e-23   
317.323       3.21234e-23   
320.262       3.19096e-23   
323.228       3.16961e-23   
326.222       3.14822e-23   
329.244       3.12684e-23   
332.293       3.10541e-23   
335.371       3.0841e-23    
338.477       3.06287e-23   
341.612       3.04158e-23   
344.776       3.02019e-23   
347.97        2.99886e-23   
351.193       2.97756e-23   
354.446       2.95634e-23   
357.729       2.93517e-23   
361.042       2.91395e-23   
364.386       2.89274e-23   
367.761       2.87172e-23   
371.167       2.85086e-23   
374.605       2.82999e-23   
378.075       2.80917e-23   
381.576       2.78821e-23   
385.111       2.76727e-23   
388.678       2.74663e-23   
392.278       2.72621e-23   
395.911       2.70553e-23   
399.578       2.68486e-23   
403.279       2.66453e-23   
407.014       2.6444e-23    
410.784       2.62409e-23   
414.589       2.60383e-23   
418.429       2.58367e-23   
422.304       2.56365e-23   
426.216       2.54365e-23   
430.164       2.52378e-23   
434.148       2.50418e-23   
438.169       2.48472e-23   
442.227       2.46513e-23   
446.323       2.4457e-23    
450.457       2.42687e-23   
454.63        2.4082e-23    
458.84        2.38901e-23   
463.09        2.36988e-23   
467.38        2.35068e-23   
471.708       2.33169e-23   
476.078       2.31316e-23   
480.487       2.29475e-23   
484.937       2.27599e-23   
489.429       2.25736e-23   
493.962       2.23886e-23   
498.537       2.22053e-23   
503.155       2.20237e-23   
507.815       2.18443e-23   
512.519       2.16688e-23   
517.266       2.14937e-23   
522.057       2.13158e-23   
526.892       2.11392e-23   
531.772       2.09635e-23   
536.698       2.07897e-23   
541.669       2.0618e-23    
546.686       2.0447e-23    
551.749       2.0276e-23    
556.86        2.01065e-23   
562.017       1.99385e-23   
567.223       1.97712e-23   
572.477       1.9604e-23    
577.779       1.94383e-23   
583.131       1.92739e-23   
588.532       1.91104e-23   
593.983       1.89475e-23   
599.484       1.87867e-23   
605.037       1.86281e-23   
610.641       1.84709e-23   
616.297       1.83153e-23   
622.005       1.81599e-23   
627.766       1.80049e-23   
633.58        1.78512e-23   
639.449       1.76988e-23   
645.372       1.75478e-23   
651.349       1.73981e-23   
657.382       1.72499e-23   
663.471       1.71031e-23   
669.616       1.69565e-23   
675.818       1.68107e-23   
682.078       1.66672e-23   
688.395       1.65255e-23   
694.771       1.63828e-23   
701.206       1.62406e-23   
707.701       1.61017e-23   
714.256       1.5965e-23    
720.872       1.5828e-23    
727.548       1.5692e-23    
734.287       1.55561e-23   
741.088       1.54213e-23   
747.952       1.52885e-23   
754.88        1.51573e-23   
761.872       1.50277e-23   
768.928       1.48995e-23   
776.05        1.47708e-23   
783.238       1.46431e-23   
790.493       1.45165e-23   
797.814       1.43913e-23   
805.204       1.42685e-23   
812.662       1.4147e-23    
820.189       1.40251e-23   
827.786       1.39043e-23   
835.453       1.37859e-23   
843.191       1.36685e-23   
851.001       1.35509e-23   
858.883       1.34342e-23   
866.838       1.33183e-23   
874.867       1.32036e-23   
882.97        1.30906e-23   
891.148       1.29789e-23   
899.402       1.28689e-23   
907.733       1.27597e-23   
916.14        1.26509e-23   
924.626       1.2543e-23    
933.19        1.24361e-23   
941.833       1.23301e-23   
950.557       1.22251e-23   
959.361       1.21217e-23   
968.247       1.20209e-23   
977.215       1.19208e-23   
986.266       1.1821e-23    
995.401       1.17218e-23   
1004.62       1.16228e-23   
1013.93       1.1525e-23    
1023.32       1.1429e-23    
1032.79       1.13339e-23   
1042.36       1.12399e-23   
1052.02       1.11461e-23   
1061.76       1.10524e-23   
1071.59       1.09601e-23   
1081.52       1.08693e-23   
1091.54       1.07799e-23   
1101.65       1.06923e-23   
1111.85       1.06044e-23   
1122.15       1.05162e-23   
1132.54       1.04298e-23   
1143.03       1.03451e-23   
1153.62       1.02612e-23   
1164.3        1.01782e-23   
1175.09       1.00964e-23   
1185.97       1.00155e-23   
1196.96       9.93442e-24   
1208.04       9.85351e-24   
1219.23       9.7754e-24    
1230.52       9.6994e-24    
1241.92       9.62337e-24   
1253.42       9.54753e-24   
1265.03       9.47121e-24   
1276.75       9.39504e-24   
1288.58       9.32093e-24   
1300.51       9.24829e-24   
1312.56       9.17636e-24   
1324.71       9.10517e-24   
1336.98       9.0347e-24    
1349.37       8.96486e-24   
1361.87       8.89486e-24   
1374.48       8.82538e-24   
1387.21       8.75712e-24   
1400.06       8.68974e-24   
1413.03       8.62303e-24   
1426.11       8.55724e-24   
1439.32       8.49349e-24   
1452.65       8.43063e-24   
1466.11       8.36749e-24   
1479.69       8.305e-24     
1493.39       8.24402e-24   
1507.23       8.18366e-24   
1521.19       8.12267e-24   
1535.28       8.06229e-24   
1549.5        8.00338e-24   
1563.85       7.94533e-24   
1578.33       7.88824e-24   
1592.95       7.83177e-24   
1607.7        7.77559e-24   
1622.6        7.72e-24      
1637.62       7.66487e-24   
1652.79       7.61067e-24   
1668.1        7.55842e-24   
1683.55       7.50624e-24   
1699.14       7.45285e-24   
1714.88       7.40036e-24   
1730.77       7.34935e-24   
1746.8        7.29877e-24   
1762.98       7.24823e-24   
1779.3        7.19873e-24   
1795.78       7.15107e-24   
1812.42       7.10369e-24   
1829.2        7.05627e-24   
1846.15       7.00946e-24   
1863.25       6.96325e-24   
1880.5        6.91734e-24   
1897.92       6.87155e-24   
1915.5        6.82679e-24   
1933.24       6.78319e-24   
1951.15       6.73959e-24   
1969.22       6.69585e-24   
1987.46       6.6531e-24    
2005.87       6.61136e-24   
2024.45       6.57036e-24   
2043.2        6.53006e-24   
2062.12       6.48999e-24   
2081.22       6.45015e-24   
2100.5        6.41098e-24   
2119.95       6.37243e-24   
2139.59       6.33406e-24   
2159.41       6.29593e-24   
2179.41       6.25799e-24   
2199.59       6.22031e-24   
2219.97       6.18427e-24   
2240.53       6.14936e-24   
2261.28       6.11393e-24   
2282.22       6.0785e-24    
2303.36       6.04401e-24   
2324.7        6.01013e-24   
2346.23       5.97568e-24   
2367.96       5.94132e-24   
2389.89       5.90809e-24   
2412.03       5.87549e-24   
2434.37       5.84343e-24   
2456.92       5.81179e-24   
2479.67       5.77991e-24   
2502.64       5.74828e-24   
2525.82       5.7179e-24    
2549.21       5.68806e-24   
2572.83       5.65761e-24   
2596.66       5.62743e-24   
2620.71       5.59807e-24   
2644.98       5.56923e-24   
2669.48       5.54163e-24   
2694.2        5.51435e-24   
2719.16       5.4861e-24    
2744.34       5.45806e-24   
2769.76       5.43043e-24   
2795.42       5.40333e-24   
2821.31       5.37748e-24   
2847.44       5.35191e-24   
2873.81       5.32597e-24   
2900.43       5.30027e-24   
2927.29       5.27487e-24   
2954.41       5.24982e-24   
2981.77       5.22515e-24   
3009.39       5.20091e-24   
3037.26       5.17725e-24   
3065.4        5.15405e-24   
3093.79       5.13141e-24   
3122.44       5.10905e-24   
3151.36       5.08687e-24   
3180.55       5.06466e-24   
3210.01       5.04209e-24   
3239.74       5.02013e-24   
3269.75       4.99914e-24   
3300.03       4.97811e-24   
3330.6        4.95678e-24   
3361.45       4.93573e-24   
3392.58       4.91503e-24   
3424.01       4.89447e-24   
3455.72       4.87398e-24   
3487.73       4.8537e-24    
3520.03       4.83364e-24   
3552.63       4.81396e-24   
3585.54       4.79472e-24   
3618.75       4.77565e-24   
3652.27       4.75676e-24   
3686.1        4.73859e-24   
3720.24       4.72116e-24   
3754.69       4.70399e-24   
3789.47       4.68713e-24   
3824.57       4.66989e-24   
3859.99       4.65245e-24   
3895.75       4.63556e-24   
3931.83       4.61913e-24   
3968.25       4.60225e-24   
4005          4.58519e-24   
4042.1        4.56847e-24   
4079.53       4.55208e-24   
4117.32       4.53588e-24   
4155.46       4.51996e-24   
4193.94       4.50459e-24   
4232.79       4.48961e-24   
4271.99       4.47421e-24   
4311.56       4.45883e-24   
4351.5        4.44437e-24   
4391.8        4.4305e-24    
4432.48       4.41681e-24   
4473.53       4.40325e-24   
4514.97       4.38901e-24   
4556.79       4.37475e-24   
4598.99       4.36105e-24   
4641.59       4.34764e-24   
4684.58       4.3339e-24    
4727.97       4.32024e-24   
4771.76       4.30676e-24   
4815.96       4.2935e-24    
4860.56       4.28028e-24   
4905.58       4.26735e-24   
4951.02       4.25498e-24   
4996.88       4.24281e-24   
5043.16       4.23027e-24   
5089.87       4.21783e-24   
5137.01       4.20537e-24   
5184.59       4.1932e-24    
5232.61       4.1816e-24    
5281.08       4.17014e-24   
5329.99       4.15827e-24   
5379.36       4.14658e-24   
5429.19       4.13507e-24   
5479.47       4.12364e-24   
5530.22       4.11181e-24   
5581.45       4.10037e-24   
5633.14       4.08978e-24   
5685.32       4.07922e-24   
5737.98       4.06816e-24   
5791.12       4.05718e-24   
5844.76       4.04598e-24   
5898.9        4.03516e-24   
5953.53       4.02489e-24   
6008.68       4.01458e-24   
6064.33       4.00386e-24   
6120.5        3.99378e-24   
6177.19       3.98463e-24   
6234.4        3.97513e-24   
6292.15       3.96493e-24   
6350.43       3.95471e-24   
6409.24       3.94434e-24   
6468.61       3.93441e-24   
6528.52       3.92496e-24   
6588.99       3.91538e-24   
6650.02       3.90562e-24   
6711.61       3.89612e-24   
6773.78       3.88684e-24   
6836.52       3.87734e-24   
6899.84       3.86767e-24   
6963.74       3.85841e-24   
7028.24       3.84949e-24   
7093.34       3.84034e-24   
7159.04       3.83106e-24   
7225.35       3.82169e-24   
7292.27       3.81231e-24   
7359.81       3.80336e-24   
7427.98       3.79471e-24   
7496.78       3.78559e-24   
7566.22       3.77635e-24   
7636.3        3.76742e-24   
7707.03       3.75869e-24   
7778.41       3.74999e-24   
7850.46       3.7414e-24    
7923.17       3.73285e-24   
7996.55       3.7244e-24    
8070.62       3.71569e-24   
8145.37       3.70702e-24   
8220.82       3.69836e-24   
8296.96       3.68982e-24   
8373.81       3.68114e-24   
8451.37       3.67256e-24   
8529.64       3.66445e-24   
8608.65       3.65649e-24   
8688.38       3.64791e-24   
8768.86       3.63938e-24   
8850.07       3.63085e-24   
8932.05       3.62243e-24   
9014.78       3.6142e-24    
9098.27       3.60602e-24   
9182.54       3.59727e-24   
9267.59       3.58867e-24   
9353.43       3.58091e-24   
9440.06       3.57311e-24   
9527.5        3.56441e-24   
9615.75       3.55581e-24   
9704.81       3.54765e-24   
9794.7        3.53944e-24   
9885.42       3.53073e-24   
9976.98       3.5223e-24    
10069.4       3.51469e-24   
10162.7       3.50665e-24   
10256.8       3.49736e-24   
10351.8       3.48836e-24   
10447.7       3.48022e-24   
10544.4       3.47208e-24   
10642.1       3.46373e-24   
10740.7       3.45513e-24   
10840.1       3.44607e-24   
10940.5       3.43725e-24   
11041.9       3.42887e-24   
11144.2       3.42059e-24   
11247.4       3.41243e-24   
11351.5       3.40408e-24   
11456.7       3.3955e-24    
11562.8       3.38688e-24   
11669.9       3.37821e-24   
11778         3.36961e-24   
11887.1       3.3611e-24    
11997.2       3.35236e-24   
12108.3       3.34347e-24   
12220.4       3.33411e-24   
12333.6       3.32441e-24   
12447.9       3.31525e-24   
12563.2       3.3066e-24    
12679.5       3.29774e-24   
12797         3.28873e-24   
12915.5       3.27923e-24   
13035.1       3.26946e-24   
13155.9       3.26001e-24   
13277.7       3.25081e-24   
13400.7       3.24163e-24   
13524.8       3.23247e-24   
13650.1       3.22281e-24   
13776.5       3.21295e-24   
13904.1       3.2034e-24    
14032.9       3.19395e-24   
14162.9       3.18373e-24   
14294         3.17327e-24   
14426.4       3.16342e-24   
14560.1       3.15374e-24   
14694.9       3.1433e-24    
14831         3.13267e-24   
14968.4       3.12247e-24   
15107         3.11234e-24   
15247         3.10165e-24   
15388.2       3.0908e-24    
15530.7       3.07995e-24   
15674.6       3.0691e-24    
15819.7       3.05812e-24   
15966.3       3.04714e-24   
16114.1       3.03615e-24   
16263.4       3.02509e-24   
16414         3.01361e-24   
16566.1       3.00217e-24   
16719.5       2.99099e-24   
16874.4       2.97975e-24   
17030.7       2.96801e-24   
17188.4       2.95612e-24   
17347.6       2.94387e-24   
17508.3       2.9317e-24    
17670.4       2.91979e-24   
17834.1       2.90784e-24   
17999.3       2.89555e-24   
18166         2.88318e-24   
18334.3       2.87057e-24   
18504.1       2.85807e-24   
18675.5       2.8458e-24    
18848.4       2.83345e-24   
19023         2.82067e-24   
19199.2       2.80791e-24   
19377         2.79508e-24   
19556.5       2.78223e-24   
19737.6       2.7692e-24    
19920.5       2.75625e-24   
20105         2.74334e-24   
20291.2       2.73023e-24   
20479.1       2.71673e-24   
20668.8       2.70334e-24   
20860.2       2.69003e-24   
21053.5       2.67681e-24   
21248.5       2.66363e-24   
21445.3       2.65043e-24   
21643.9       2.63717e-24   
21844.4       2.62413e-24   
22046.7       2.61129e-24   
22250.9       2.59824e-24   
22457         2.58499e-24   
22665         2.57202e-24   
22874.9       2.55926e-24   
23086.8       2.54663e-24   
23300.6       2.53409e-24   
23516.4       2.5212e-24    
23734.2       2.50811e-24   
23954.1       2.49519e-24   
24175.9       2.48237e-24   
24399.9       2.46987e-24   
24625.9       2.45754e-24   
24853.9       2.44544e-24   
25084.2       2.43346e-24   
25316.5       2.42151e-24   
25551         2.40963e-24   
25787.6       2.39791e-24   
26026.5       2.3863e-24    
26267.5       2.37499e-24   
26510.8       2.36382e-24   
26756.4       2.3529e-24    
27004.2       2.34209e-24   
27254.3       2.33093e-24   
27506.8       2.31978e-24   
27761.5       2.31006e-24   
28018.7       2.30064e-24   
28278.2       2.29167e-24   
28540.1       2.28284e-24   
28804.4       2.27395e-24   
29071.2       2.26517e-24   
29340.5       2.2568e-24    
29612.3       2.24856e-24   
29886.5       2.24026e-24   
30163.3       2.23216e-24   
30442.7       2.2251e-24    
30724.7       2.21829e-24   
31009.3       2.21244e-24   
31296.5       2.20666e-24   
31586.4       2.20042e-24   
31878.9       2.19447e-24   
32174.2       2.18949e-24   
32472.2       2.18484e-24   
32772.9       2.18094e-24   
33076.5       2.17732e-24   
33382.9       2.17424e-24   
33692.1       2.17126e-24   
34004.1       2.16821e-24   
34319.1       2.16534e-24   
34636.9       2.16263e-24   
34957.8       2.16044e-24   
35281.5       2.15924e-24   
35608.3       2.15844e-24   
35938.1       2.15821e-24   
36271         2.15824e-24   
36607         2.15855e-24   
36946         2.159e-24     
37288.2       2.15958e-24   
37633.6       2.16067e-24   
37982.2       2.16241e-24   
38334         2.16456e-24   
38689         2.16719e-24   
39047.4       2.17003e-24   
39409         2.17314e-24   
39774         2.17654e-24   
40142.4       2.18034e-24   
40514.2       2.18444e-24   
40889.5       2.18895e-24   
41268.2       2.19372e-24   
41650.4       2.19893e-24   
42036.2       2.20427e-24   
42425.6       2.20998e-24   
42818.5       2.21604e-24   
43215.1       2.22264e-24   
43615.4       2.22988e-24   
44019.4       2.23787e-24   
44427.1       2.24577e-24   
44838.6       2.25399e-24   
45253.9       2.2618e-24    
45673         2.26982e-24   
46096         2.27805e-24   
46523         2.2869e-24    
46953.9       2.29657e-24   
47388.8       2.30701e-24   
47827.7       2.31675e-24   
48270.7       2.32673e-24   
48717.8       2.33724e-24   
49169         2.34838e-24   
49624.4       2.35892e-24   
50084.1       2.36988e-24   
50548         2.38168e-24   
51016.2       2.39421e-24   
51488.7       2.40611e-24   
51965.6       2.41844e-24   
52446.9       2.43101e-24   
52932.7       2.44426e-24   
53422.9       2.45752e-24   
53917.7       2.4713e-24    
54417.1       2.48467e-24   
54921.2       2.49859e-24   
55429.9       2.51251e-24   
55943.3       2.52719e-24   
56461.4       2.54215e-24   
56984.4       2.55773e-24   
57512.2       2.57284e-24   
58044.9       2.58873e-24   
58582.5       2.6051e-24    
59125.1       2.62195e-24   
59672.7       2.63785e-24   
60225.4       2.65438e-24   
60783.2       2.67094e-24   
61346.2       2.6883e-24    
61914.4       2.70569e-24   
62487.9       2.72397e-24   
63066.7       2.7424e-24    
63650.8       2.76124e-24   
64240.3       2.77909e-24   
64835.3       2.79794e-24   
65435.9       2.81713e-24   
66041.9       2.83665e-24   
66653.6       2.85523e-24   
67271         2.87506e-24   
67894.1       2.89572e-24   
68522.9       2.91673e-24   
69157.6       2.93721e-24   
69798.1       2.95845e-24   
70444.6       2.97988e-24   
71097.1       3.00182e-24   
71755.6       3.02384e-24   
72420.2       3.04583e-24   
73091         3.06744e-24   
73768         3.09033e-24   
74451.2       3.11432e-24   
75140.8       3.13706e-24   
75836.8       3.15888e-24   
76539.2       3.18265e-24   
77248.1       3.20806e-24   
77963.6       3.23284e-24   
78685.7       3.2576e-24    
79414.5       3.28215e-24   
80150.1       3.3071e-24    
80892.4       3.33235e-24   
81641.7       3.3584e-24    
82397.9       3.38398e-24   
83161         3.41016e-24   
83931.3       3.43614e-24   
84708.7       3.463e-24     
85493.3       3.49077e-24   
86285.1       3.51993e-24   
87084.3       3.54717e-24   
87890.9       3.57514e-24   
88705         3.60389e-24   
89526.6       3.63412e-24   
90355.8       3.66234e-24   
91192.7       3.69165e-24   
92037.3       3.72166e-24   
92889.8       3.75334e-24   
93750.2       3.78214e-24   
94618.5       3.81237e-24   
95494.9       3.84348e-24   
96379.3       3.87645e-24   
97272         3.90626e-24   
98173         3.93789e-24   
99082.3       3.97019e-24   
100000        4.0043e-24    
